Timestamp,URL,Title,Browser
